58
玉兰路 -1010 -768
路口 -1200 -508
教师村 -1084 -432
路口 -1188 -224
路口 -974 -34
路口 -770 -172
路口 -658 -346
路口 -854 -542
路口 -1136 -70
路口 -1513 70
路口 396 -754
真草运动场 258 -588
网球场 -135 -672
游泳馆 568 -484
体育馆 612 -634
路口 486 -618
路口 746 -546
第二饭堂 300 -184
北门 848 -832
北门一条街 1168 -624
宿舍以北 1146 -514
宿舍群 1222 -352
假草运动场 934 -76
路口 1150 -46
第一食堂 1376 -2
路口 1258 153
学生活动中心 1720 165
第三饭堂 1726 -4
停车场 1540 -442
东门 1936 99
路口 876 263
路口 668 7
滑板空地 1222 313
艺术楼 1032 585
路口 894 759
计算机楼 738 927
文科楼 1198 959
电子楼 870 1301
路口 497 470
国际学院 625 550
综合教学楼 571 674
阶梯教室 487 952
图书馆 80 704
路口 194 1280
南门 -465 1495
路口 -1444 548
学术交流中心 -1010 496
大礼堂 -804 776
路口 -1244 788
学术交流中心 -1476 832
行政办公室 -1016 1178
路口 -650 1350
路口 -161 -167
全家 -485 200
路口 -327 232
路口 -601 1158
全家超市 -469 75
篮球场 509 -172
71
-1200 -508 -1010 -768
-1084 -432 -1200 -508
-1084 -432 -1188 -224
-1188 -224 -974 -34
-974 -34 -770 -172
-658 -346 -770 -172
-658 -346 -854 -542
-854 -542 -1084 -432
-1136 -70 -1188 -224
-1136 -70 -974 -34
-1513 70 -1136 -70
-1010 -768 396 -754
396 -754 258 -588
-135 -672 258 -588
568 -484 258 -588
396 -754 612 -634
746 -546 486 -618
486 -618 396 -754
300 -184 486 -618
848 -832 746 -546
1146 -514 746 -546
1146 -514 1168 -624
1150 -46 934 -76
1150 -46 1222 -352
1376 -2 1150 -46
1258 153 1150 -46
1720 165 1258 153
1726 -4 1720 165
1540 -442 1726 -4
1540 -442 1146 -514
1936 99 1726 -4
1936 99 1720 165
876 263 1150 -46
668 7 876 263
668 7 746 -546
1222 313 1150 -46
1032 585 876 263
894 759 1032 585
738 927 894 759
1198 959 1032 585
894 759 870 1301
497 470 876 263
625 550 497 470
571 674 497 470
487 952 497 470
80 704 497 470
194 1280 497 470
-465 1495 194 1280
-1444 548 -1513 70
-1010 496 -1444 548
-804 776 -1010 496
-1244 788 -804 776
-1244 788 -1444 548
-1476 832 -1244 788
-1016 1178 -1244 788
-1016 1178 -650 1350
-650 1350 -465 1495
668 7 300 -184
-161 -167 300 -184
-327 232 -161 -167
-327 232 -485 200
-327 232 -601 1158
-1244 788 -601 1158
-327 232 497 470
-485 200 -469 75
876 263 1222 313
-601 1158 194 1280
1222 -352 1146 -514
487 952 194 1280
509 -172 300 -184
509 -172 668 7
61
21434669 4
-840 -498
-1120 -226
-952 -82
-704 -342
11184725 4
-800 -570
-514 -318
-282 -526
-542 -720
11184725 5
-534 -344
-720 -8
-634 44
-256 -392
-288 -528
11184725 5
-710 -12
-956 104
-960 220
-636 46
-624 24
11184725 5
-946 108
-1024 20
-1042 42
-942 116
-952 138
264920192 4
126 -680
-15 -376
292 -260
420 -628
264920192 4
-257 -652
-73 -556
14 -678
-215 -734
264920192 4
542 -580
454 -372
600 -320
670 -542
21434669 4
588 -706
556 -612
670 -576
706 -678
21434669 3
48 -96
364 73
270 -134
264920192 4
474 -293
422 -81
552 -37
616 -251
21434669 4
1010 -697
970 -589
1354 -561
1334 -691
21434669 4
1072 -443
1034 -317
1360 -263
1388 -395
264920192 6
916 -229
840 28
892 122
984 86
1048 -171
990 -241
21434669 4
1300 -167
1264 72
1480 110
1526 -111
21434669 4
1738 -138
1698 5
1808 53
1870 -122
21434669 4
1708 119
1684 193
1836 211
1848 123
264920192 4
1222 221
1144 475
1334 505
1412 257
21434669 4
1020 559
992 601
1068 619
1070 569
21434669 4
1036 595
1034 607
1094 627
1098 607
21434669 4
1112 553
1074 665
1140 695
1176 575
21434669 4
1142 641
1134 673
1186 703
1210 645
21434669 4
700 837
628 1155
756 1155
794 887
21434669 4
1134 893
1096 1105
1454 1167
1446 907
21434669 4
638 1229
626 1317
1226 1397
1252 1269
21434669 4
609 523
591 571
673 583
681 521
21434669 4
547 611
515 717
635 751
655 635
21434669 4
501 794
459 952
589 994
625 810
21434669 4
471 912
435 1020
479 1052
525 954
21434669 4
437 1020
381 1218
487 1258
555 1066
21434669 4
-21 604
236 666
-7 858
-233 776
21434669 4
-1010 390
-1088 648
-1026 662
-966 400
21434669 4
-984 400
-994 430
-790 468
-782 416
21434669 4
-1038 630
-1042 656
-920 686
-912 648
21434669 4
-926 654
-1004 902
-650 992
-598 700
21434669 4
-1558 788
-1692 972
-1632 1002
-1526 804
21434669 4
-1638 950
-1636 996
-1468 1048
-1462 974
21434669 4
-1504 1026
-1474 1028
-1398 852
-1418 834
21434669 4
-1106 1134
-1102 1206
-750 1222
-742 1156
21434669 4
-527 122
-625 278
-467 318
-411 152
21434669 4
-495 41
-509 85
-461 105
-447 51
579543807 4
-112 -10
-196 173
449 391
537 177
579543807 4
-268 340
-338 534
177 606
373 484
579543807 4
-385 831
-493 1133
86 1223
172 935
579543807 4
-513 1217
12 1293
-447 1399
-561 1337
579543807 4
-291 -239
-415 12
-341 60
-191 -229
579543807 3
449 544
389 664
295 624
579543807 4
820 354
654 444
814 544
952 526
579543807 4
746 480
916 498
938 648
762 730
579543807 3
779 -454
1019 -438
765 -270
11184725 4
-739 291
-747 343
-449 417
-423 363
11184725 4
-469 355
-427 365
-495 687
-557 677
579543807 6
-1508 -693
-1160 -711
-1300 -485
-1570 -441
-1512 -39
-1282 -81
579543807 5
-1372 -447
-1418 -251
-1234 -263
-1154 -385
-1304 -489
579543807 4
-1476 -685
-1622 -697
-1570 -439
-1398 -391
579543807 4
1488 285
1334 683
1796 789
1958 359
579543807 4
-1437 110
-1109 72
-1087 416
-1375 458
579543807 4
1565 -106
1541 105
1661 115
1639 -132
579543807 5
1567 -100
1635 -124
1521 -390
1409 -386
1403 -300
11184725 4
-550 667
-492 663
-576 1225
-672 1193
579543807 4
-474 1229
-510 1361
-744 1283
-700 1177
